epoch	acc	val_acc	loss	val_loss
0	0.858266666794	0.9503	0.710528218619	0.212215106153
1	0.915300000032	0.9644	0.292018132019	0.12568719182
2	0.93126666673	0.9678	0.236814572716	0.111548952901
3	0.939516666794	0.9692	0.210558187238	0.102678336847
4	0.946466666667	0.9716	0.184710674636	0.094103339465
5	0.946483333397	0.9732	0.186510284026	0.0929735569604
6	0.949550000032	0.9756	0.177817165689	0.0853221928366
7	0.952116666698	0.9751	0.170399008302	0.0889442217886
8	0.953983333333	0.9747	0.166513566195	0.0865553186525
9	0.95528333346	0.9769	0.166320696763	0.0841656439684
10	0.954800000095	0.9743	0.168171966358	0.0867716749772
11	0.95596666673	0.975	0.164181270584	0.0895264554199
12	0.955366666698	0.9771	0.163089857113	0.0836201682694
13	0.95866666673	0.9769	0.155372028546	0.0863136488994
14	0.96006666673	0.9791	0.150767560097	0.0835475866182
15	0.961450000032	0.9767	0.148125506993	0.0822816868284
16	0.961433333365	0.9766	0.148242546038	0.0875781726581
17	0.960716666698	0.9782	0.154032723725	0.0818092258076
18	0.96276666673	0.9801	0.142271990148	0.0807881439955
19	0.962750000064	0.9799	0.149278753046	0.0837442147199
20	0.964483333397	0.9796	0.143662542999	0.0786541458178
21	0.964283333365	0.9773	0.139255234904	0.0766322259627
22	0.964833333365	0.9794	0.141924802208	0.0837731065657
23	0.96626666673	0.981	0.129150084658	0.0721720880781
24	0.965983333365	0.9797	0.136192843795	0.0806460456051
25	0.964283333397	0.9792	0.140489775606	0.0803888319725
26	0.967700000032	0.9801	0.125983509943	0.0705473380711
27	0.967233333365	0.9811	0.132878587751	0.0728141074081
28	0.967033333397	0.9827	0.131852846919	0.0718666850425
29	0.968800000064	0.9813	0.128044852646	0.0712899615403
30	0.9694	0.9816	0.122477054742	0.0752346396556
31	0.9691	0.9802	0.127392834989	0.082548231437
32	0.969600000064	0.9799	0.126250546617	0.0848230126272
33	0.971383333333	0.9829	0.115543915967	0.0791247837401
34	0.971366666667	0.9796	0.12458928678	0.0845528601371
35	0.969633333397	0.9825	0.12799954894	0.0751904674066
36	0.97066666673	0.9819	0.120367285867	0.0831698893338
37	0.97258333346	0.983	0.11454694469	0.0855104107475
38	0.970450000032	0.9819	0.128178482725	0.085566288325
39	0.971766666667	0.9833	0.117663202189	0.0808320110525
40	0.971933333429	0.9815	0.118380863681	0.0813633583134
41	0.972100000127	0.9823	0.120140801808	0.0831262801734
42	0.972800000127	0.9824	0.116455309537	0.0772176228869
43	0.972816666667	0.9822	0.115839683704	0.0839398553392
44	0.972133333397	0.9824	0.120322031185	0.0826110029766
45	0.97268333346	0.9833	0.123655095446	0.0803764008053
46	0.972983333397	0.9828	0.11720747589	0.0837548586038
47	0.97425	0.9837	0.111137066513	0.0777274617103
48	0.974100000095	0.9825	0.113623392274	0.0785424228601
49	0.974216666698	0.9816	0.11427795787	0.0757969100175
50	0.97365	0.9821	0.114859437847	0.0756062791207
51	0.97443333346	0.9829	0.11281574494	0.0801748647809
52	0.975533333397	0.9832	0.1053876324	0.0823103635266
53	0.974066666698	0.9812	0.112627205415	0.087079934235
54	0.97488333346	0.9824	0.113260623529	0.0815111309007
55	0.975650000032	0.9832	0.109071346544	0.0792604609086
56	0.9752	0.9828	0.113196644963	0.0855943388715
57	0.975383333397	0.9837	0.110023586248	0.0793313677623
58	0.975850000064	0.9819	0.109535563044	0.0816365104207
59	0.976216666698	0.9834	0.108525820167	0.0901501248586
60	0.974683333365	0.9834	0.112348553848	0.0783711717412
61	0.976016666667	0.9841	0.102724203721	0.0799432540684
62	0.975966666667	0.9841	0.108201538066	0.0719554624215
63	0.977950000127	0.9841	0.103905432415	0.0788331451762
64	0.977300000064	0.9852	0.101970351517	0.0788031623585
65	0.976400000127	0.9818	0.110760619561	0.0834736007198
66	0.977000000032	0.9834	0.105760227407	0.082234815526
67	0.976666666667	0.9832	0.110990904176	0.082794701442
68	0.976383333333	0.9818	0.111180455461	0.0839324608198
69	0.976283333365	0.9832	0.111410898015	0.0851484985653
70	0.976550000127	0.9821	0.106507861198	0.0891668687966
71	0.978066666698	0.9841	0.102868494831	0.0908140295012
72	0.9777	0.984	0.109338338177	0.0833973009565
73	0.97711666673	0.9833	0.111221431364	0.0797626014297
74	0.977466666698	0.9829	0.105732781562	0.0864332875763
75	0.977950000064	0.983	0.104640034555	0.0861549476581
76	0.97855	0.983	0.106919703332	0.0921030643185
77	0.977266666698	0.9834	0.108852249318	0.0839742855029
78	0.977550000064	0.9833	0.107692333258	0.0919942822311
79	0.979000000095	0.9825	0.101824488489	0.0892251188563
80	0.977650000064	0.983	0.107983731132	0.0844527157053
81	0.978350000064	0.9833	0.101354823703	0.0872201754594
82	0.97846666673	0.984	0.104912795104	0.0900991720037
83	0.97841666673	0.9828	0.101053826446	0.0878566895573
84	0.977816666794	0.9844	0.107026035741	0.084105240152
85	0.978966666794	0.9818	0.100846446472	0.0934421107801
86	0.977983333429	0.9824	0.107673083593	0.0883231237209
87	0.97913333346	0.9847	0.101884034825	0.0753405433844
88	0.97871666673	0.9829	0.100879236429	0.0851684043444
89	0.97876666673	0.9841	0.101372512804	0.0819118741759
90	0.97838333346	0.9843	0.106475783221	0.0851408116345
91	0.979533333333	0.9846	0.10052943844	0.0856858222102
92	0.978383333397	0.9838	0.104043968579	0.0856218335084
93	0.978633333429	0.9836	0.107186477966	0.0958008626843
94	0.978583333397	0.9846	0.108862054148	0.0872359970493
95	0.979583333333	0.9842	0.104145691307	0.0907588597225
96	0.979183333333	0.9836	0.0998259158385	0.0814435383981
97	0.980566666794	0.983	0.0948821538998	0.0842692023569
98	0.978816666698	0.9829	0.109423900819	0.0929320944974
99	0.978566666667	0.9832	0.107053020805	0.0939552031776
100	0.97906666673	0.9835	0.103962637704	0.0869418933156
101	0.979066666762	0.984	0.105869579997	0.105595726015
102	0.979266666667	0.9829	0.0999784138697	0.097385925215
103	0.979583333365	0.9821	0.102091601232	0.0943523211013
104	0.97893333346	0.983	0.106460281929	0.0907409457389
105	0.980100000064	0.9845	0.107184937024	0.0837537737534
106	0.978133333397	0.9836	0.11234866487	0.091296463746
107	0.979466666762	0.9841	0.106329835969	0.0873462516774
108	0.979300000127	0.9831	0.108453068807	0.100837261512
109	0.978800000032	0.985	0.10549775475	0.0840545920283
110	0.978883333365	0.9845	0.107951126374	0.0941213614594
111	0.97911666673	0.9828	0.104404805197	0.0968693869025
112	0.979733333429	0.9836	0.101774638121	0.0855874245287
113	0.980383333397	0.9835	0.103312889112	0.11339388476
114	0.979583333333	0.9848	0.111123515778	0.0860236839462
115	0.980400000032	0.984	0.102317799145	0.0956595741683
116	0.98023333346	0.9844	0.103613965494	0.0984301282704
117	0.98036666673	0.9844	0.098719152755	0.0951811084582
118	0.979883333397	0.9853	0.1031782436	0.0981685374319
119	0.98026666673	0.9852	0.101050767728	0.101308941679
120	0.981083333333	0.9856	0.0992610646851	0.101704213028
121	0.98048333346	0.9833	0.102529734544	0.105564730043
122	0.98085	0.9849	0.100684464759	0.0959924547938
123	0.979066666667	0.9846	0.109585037849	0.0975335468807
124	0.980783333333	0.9843	0.0999138012942	0.0966580126983
125	0.97918333346	0.9834	0.111650911005	0.088714384968
126	0.979250000064	0.9838	0.112102048842	0.0943604888717
127	0.98176666673	0.9856	0.0970576895587	0.105697803555
128	0.980350000127	0.9835	0.107681661363	0.0915387422696
129	0.98031666673	0.9847	0.100920258961	0.0950221734884
130	0.980983333397	0.985	0.101846042736	0.0976991717773
131	0.98016666673	0.9846	0.106198189864	0.0965613652024
132	0.98161666673	0.9824	0.102204654911	0.110920261379
133	0.980700000064	0.9836	0.0998278099504	0.0974797714036
134	0.979616666794	0.9832	0.106599463615	0.0964212718025
135	0.980683333397	0.9846	0.103546765767	0.092016190514
136	0.981266666667	0.9846	0.102531431326	0.0927230169867
137	0.980750000064	0.9844	0.104527242303	0.0951997331909
138	0.979783333333	0.9832	0.112111055542	0.0888519770483
139	0.9798	0.9833	0.110644832645	0.0982482130747
140	0.980416666794	0.9828	0.10443308833	0.0915524968779
141	0.980633333333	0.9837	0.110036939875	0.100915311787
142	0.980200000064	0.9842	0.104194678643	0.0912273124122
143	0.981933333429	0.9838	0.0982297605035	0.099751004907
144	0.981816666794	0.9834	0.104848881758	0.0972499944673
145	0.9806	0.985	0.105108461725	0.0901568568672
146	0.981316666667	0.9841	0.106052032574	0.0860463125095
147	0.980983333365	0.9831	0.106612329914	0.105963088014
148	0.980133333429	0.9837	0.117895343252	0.0997297990673
149	0.980333333397	0.9834	0.105031781505	0.0923084930588
150	0.981	0.9849	0.106146034259	0.0885172095364
151	0.98136666673	0.9836	0.103648644602	0.103514040775
152	0.98066666673	0.9829	0.104536522668	0.0924016510819
153	0.979166666698	0.9841	0.112370924486	0.0974804757364
154	0.98083333346	0.9839	0.111534148497	0.103808437018
155	0.98081666673	0.9826	0.102148738039	0.100706393603
156	0.980666666667	0.9829	0.108972007386	0.103595346504
157	0.980783333397	0.9841	0.109293290959	0.0956440617478
158	0.980816666667	0.9825	0.107171670322	0.105726321352
159	0.980783333429	0.982	0.0992577342265	0.0932842463766
160	0.981283333397	0.9852	0.10627568552	0.0989233022999
161	0.980633333333	0.9826	0.106252882443	0.10574709381
162	0.980783333365	0.9838	0.106910780526	0.0915057936458
163	0.980533333397	0.9839	0.110108974174	0.103790890331
164	0.980566666667	0.985	0.104876958398	0.106891198726
165	0.98115	0.9853	0.0991242532697	0.0969547293112
166	0.980183333365	0.9843	0.103927507386	0.0961736160077
167	0.980766666667	0.985	0.105453138465	0.10031512238
168	0.981266666762	0.9841	0.106610581639	0.100235148966
169	0.981600000032	0.9836	0.105795102684	0.108356681621
170	0.981133333333	0.9837	0.10988051985	0.112841188072
171	0.98081666673	0.9833	0.116284370693	0.0976853084984
172	0.981250000127	0.9841	0.105153428568	0.100931021518
173	0.97946666673	0.9833	0.116440860898	0.0976166667301
174	0.98031666673	0.9835	0.113673137243	0.105066094048
175	0.97968333346	0.9843	0.107925672261	0.0997633886205
176	0.981250000095	0.9846	0.110336300326	0.0878576918648
177	0.98141666673	0.9846	0.105886992358	0.0923784831824
178	0.980700000032	0.9822	0.11187413737	0.110752602773
179	0.980600000064	0.9832	0.109446468547	0.102277696738
180	0.98056666673	0.9831	0.110259609142	0.0975123412682
181	0.979083333365	0.9836	0.110333563509	0.0994007327905
182	0.97891666673	0.9822	0.119157444433	0.109184733708
183	0.97971666673	0.9842	0.112424123092	0.0963281047325
184	0.980416666667	0.9833	0.111984357444	0.106046640625
185	0.981366666698	0.984	0.106476462622	0.103293954404
186	0.980183333397	0.9826	0.112659379853	0.105990508914
187	0.980816666762	0.9833	0.100421760059	0.10700817269
188	0.981200000064	0.9844	0.108732487536	0.0971292969972
189	0.980866666794	0.9837	0.111217919967	0.100496655885
190	0.980283333333	0.9837	0.107829258268	0.104079244586
191	0.981000000064	0.9854	0.114183760438	0.0968315102062
192	0.979816666698	0.9837	0.114827290672	0.115676605103
193	0.981633333333	0.9844	0.103488166749	0.106295004843
194	0.981533333429	0.9836	0.115958867891	0.111976006408
195	0.980083333365	0.9846	0.120155887464	0.11349495173
196	0.979566666698	0.9841	0.115819664539	0.107201307025
197	0.980866666667	0.9839	0.109140687741	0.114911464391
198	0.98005	0.9844	0.117690280929	0.10491897314
199	0.978650000064	0.9838	0.11996433998	0.0967100891137
